177.79
169.72
175.32
177.48
175.4
174.59
173.21
168.69
163.42
170.55
177.22
158.46
164.96
167.23
170.1
170.22
169.77
168.21
165.02
159.33
151.7
169.35
169.87
165
173.19
175.97
177.92
179.35
178.63
176.35
173.04
169.88
159.53
163.49
172.85
168.48
175.81
178.63
180.58
180.65
180.77
180.2
176.95
173.28
164.45
169.94
175.39
168.91
178.24
181.35
181.58
183.85
183.56
183.49
179.45
175.54
166.88
171.25
175.16
168.65
178.46
182.03
183.25
184.46
184.93
183.97
181.6
176.28
169.34
173.39
174.24
168.43
178.6
181.87
183.09
184.34
185.9
183.9
180.88
178.22
170.3
174.49
172.11
168.09
176.1
179.87
182.56
183.66
185.21
184.59
181.16
177.02
169.11
174.95
170.09
164.6
173.21
177.62
180.39
182.84
182.58
181.47
179.74
175.07
166.74
173.06
164.41
159.23
169.72
173.65
176.17
178.27
178.45
178.63
176.78
172.66
164.35
169.43
168.43
150.88
160.82
165.9
167.98
169.76
170.69
170.59
169.24
165.28
157.38
176.84
169.52
164.71
170.17
173.26
175.75
175.6
175.84
174.28
170.25
177.78
0
0
0
0
0
0
0
0
0
0
0
0
0
0
0
0
0
0
0
0
